73,35
0,273
0,270
3,2
3,1
3,3
10,233
10,19
10,277
10,187
10,149
10,145
10,265
11,13
11,23
8,17
8,9
64,4
64,3
64,2
64,1
64,0
62,3
62,2
62,1
62,0
56,4
56,1
55,3
55,1
52,3
52,1
51,3
51,1
20,3
20,2
20,1
19,3
19,2
19,1
18,3
18,1
14,3
14,1
13,3
13,1
12,3
12,2
12,1
11,27
11,26
11,25
11,24
11,22
11,21
11,20
11,17
11,15
11,14
11,8
11,7
11,6
11,4
11,3
11,2
11,1
10,285
10,279
10,270
10,258
10,240
10,231
10,225
10,214
10,198
10,193
10,180
10,174
10,163
10,148
10,130
10,110
10,104
10,91
10,88
10,86
10,68
10,66
10,15
10,3
10,2
10,1
9,7
9,6
9,5
9,4
9,3
9,2
9,1
8,18
8,16
8,15
8,14
8,13
